$ 1 0.000005 10.20027730826997 50 5 43 5e-11
197 208 -96 240 -96 2
197 192 304 224 304 4
154 400 160 512 160 0 2 0 5
w 336 96 400 96 0
w 400 96 400 144 0
207 144 32 64 32 4 SIN
I 144 32 208 32 0 0.5 5
w 144 32 144 176 0
w 144 176 400 176 0
w 336 -96 576 -96 0
w 336 -64 576 -64 0
w 336 -32 576 -32 0
w 336 0 576 0 0
w 336 32 640 32 0
w 336 64 672 64 0
w 672 64 672 32 0
w 512 160 704 160 0
w 704 160 704 32 0
g 208 -96 160 -96 0 0
g 208 -64 160 -64 0 0
g 208 -32 160 -32 0 0
150 -48 0 80 0 0 2 0 5
152 -240 -16 -112 -16 0 2 0 5
w -112 -16 -48 -16 0
w -48 16 -240 16 0
207 -240 -32 -288 -32 4 S3
207 -240 0 -288 0 4 S2
207 -240 16 -288 16 4 S4
w 80 0 208 0 0
207 576 -96 608 -96 4 a1
207 576 -64 608 -64 4 b1
207 576 -32 608 -32 4 c1
207 576 0 608 0 4 d1
207 640 32 640 0 4 e1
207 672 32 672 0 4 f1
207 704 32 704 0 4 g1
207 688 432 688 400 4 g2
207 656 432 656 400 4 f2
207 624 432 624 400 4 e2
207 560 400 592 400 4 d2
207 560 368 592 368 4 c2
207 560 336 592 336 4 b2
207 560 304 592 304 4 a2
w 656 464 656 432 0
w 320 464 656 464 0
w 320 432 624 432 0
w 320 400 560 400 0
w 320 368 560 368 0
w 320 336 560 336 0
w 320 304 560 304 0
w 320 496 688 496 0
w 688 496 688 432 0
w 192 400 160 400 0
207 160 400 160 432 4 S1
150 -64 256 16 256 0 3 0 5
w -64 240 -96 240 0
w -64 256 -96 256 0
w -64 272 -96 272 0
207 -96 240 -128 240 4 S4
207 -176 256 -208 256 4 S3
207 -176 272 -208 272 4 S2
I -176 256 -96 256 0 0.5 5
I -176 272 -96 272 0 0.5 5
w 192 304 16 304 0
w 16 304 16 256 0
150 -64 336 16 336 0 2 0 5
152 -208 320 -112 320 0 2 5 5
w 16 336 192 336 0
w -112 320 -64 320 0
207 -64 352 -112 352 4 S3
207 -256 304 -304 304 4 S4
207 -208 336 -256 336 4 S2
I -256 304 -208 304 0 0.5 5
152 -128 448 -32 448 0 2 0 5
w -32 448 128 448 0
w 128 448 128 368 0
w 128 368 192 368 0
150 -288 432 -192 432 0 2 0 5
w -192 432 -128 432 0
I -352 416 -288 416 0 0.5 5
w -288 448 -352 448 0
207 -352 416 -400 416 4 S4
207 -288 544 -336 544 4 S4
207 -352 560 -384 560 4 S3
w -288 560 -352 560 0
I -352 528 -288 528 0 0.5 5
150 -288 544 -192 544 0 3 0 5
207 -352 528 -400 528 4 S2
w -192 544 -144 544 0
w -144 544 -144 464 0
w -144 464 -128 464 0
207 -352 448 -400 448 4 S2
