$ 1 0.000005 10.20027730826997 50 5 43 5e-11
w 336 224 336 96 0
w 352 224 336 224 0
w 416 224 352 224 0
w 416 304 416 224 0
w 336 32 336 96 0
w 320 64 336 64 0
w 320 144 320 64 0
w 160 144 320 144 0
w 464 16 512 16 0
154 336 80 464 80 0 2 0 5
w 272 288 304 288 0
w 272 304 272 288 0
I 160 304 272 304 0 0.5 5
w 720 304 416 304 0
150 304 304 416 304 0 2 0 5
w 336 -32 336 32 0
w 336 -96 336 -32 0
w 464 -112 576 -112 0
w 464 -48 544 -48 0
w 288 0 336 0 0
w 288 112 288 0 0
w 160 112 288 112 0
w 256 -64 336 -64 0
w 256 80 256 -64 0
w 160 80 256 80 0
w 224 -128 336 -128 0
w 224 48 224 -128 0
w 160 48 224 48 0
154 336 16 464 16 0 2 0 5
154 336 -48 464 -48 0 2 0 5
154 336 -112 464 -112 0 2 0 5
w 464 80 512 80 0
207 160 304 96 304 4 COUT
207 304 320 304 400 4 OP
207 720 304 768 304 4 SIN
207 512 80 592 80 4 ^S4
207 512 16 592 16 4 ^S3
207 544 -48 592 -48 4 ^S2
207 576 -112 608 -112 4 ^S1
207 160 48 112 48 4 S1
207 160 80 96 80 4 S2
207 160 112 96 112 4 S3
207 160 144 96 144 4 S4
