$ 1 0.000005 10.20027730826997 50 5 43 5e-11
. SOMADOR\sCOMPLETO 0 2 3 5 A 3 0 2 B 2 1 2 CIN 1 2 2 CO 8 1 3 S 4 0 3 XorGateElm\s1\s2\s3\s4\rAndGateElm\s1\s3\s5\rOrGateElm\s1\s3\s6\rAndGateElm\s2\s6\s7\rOrGateElm\s7\s5\s8 0\\s3\\s0\\s5\s0\\s2\\s0\\s5\s0\\s2\\s0\\s5\s0\\s2\\s0\\s5\s0\\s2\\s0\\s5
410 240 -64 336 -16 1 SOMADOR\sCOMPLETO 0\s3\s0\s5 0\s2\s0\s5 0\s2\s0\s5 0\s2\s0\s5 0\s2\s0\s5
410 240 96 336 144 1 SOMADOR\sCOMPLETO 0\s3\s0\s5 0\s2\s0\s5 0\s2\s0\s5 0\s2\s0\s5 0\s2\s0\s5
w 336 -32 336 48 0
w 336 48 208 48 0
w 208 48 208 160 0
w 208 160 240 160 0
w 208 464 240 464 0
w 208 352 208 464 0
w 336 352 208 352 0
w 336 272 336 352 0
410 240 400 336 448 1 SOMADOR\sCOMPLETO 0\s3\s0\s5 0\s2\s0\s5 0\s2\s0\s5 0\s2\s0\s5 0\s2\s0\s5
410 240 240 336 288 1 SOMADOR\sCOMPLETO 0\s3\s0\s5 0\s2\s0\s5 0\s2\s0\s5 0\s2\s0\s5 0\s2\s0\s5
w 336 128 336 208 0
w 336 208 208 208 0
w 208 208 208 304 0
w 208 304 240 304 0
207 240 -64 160 -64 4 A1
207 240 -32 160 -32 4 B1
207 240 0 160 0 4 CIN
207 336 -64 400 -64 4 S1
207 336 96 400 96 4 S2
207 336 240 416 240 4 S3
207 336 400 416 400 4 S4
207 336 432 416 432 4 COUT
207 240 400 160 400 4 A4
207 240 432 160 432 4 B4
207 240 272 160 272 4 B3
207 240 240 160 240 4 A3
207 240 128 160 128 4 B2
207 240 96 160 96 4 A2
