$ 1 0.000005 10.20027730826997 50 5 43 5e-11
154 176 112 288 112 0 3 0 5
150 176 208 288 208 0 2 0 5
207 176 96 64 96 4 A
207 176 112 64 112 4 B
207 176 128 64 128 4 CIN
w 176 192 176 96 0
w 176 224 176 128 0
152 176 288 288 288 0 2 0 5
w 176 272 176 192 0
w 176 304 176 224 0
150 336 304 432 304 0 2 0 5
w 288 288 336 288 0
w 176 112 128 112 0
w 128 112 128 320 0
w 128 320 336 320 0
152 464 224 592 224 0 2 0 5
w 288 208 464 208 0
w 432 304 464 304 0
w 464 304 464 240 0
w 288 112 400 112 0
207 400 112 464 112 4 S
207 592 224 672 224 4 CO
